5.460054446239391845e-01
5.365220000267671985e-01
4.561616611606110760e-01
2.385717972112458007e-01
1.584876847508884801e-01
1.568547326549650234e-01
1.629999281259216781e-01
1.718247428226455098e-01
1.803110518748533286e-01
1.885061458622996344e-01
1.967379284177034060e-01
2.050672340420471307e-01
2.134985230906514542e-01
2.220097434531264347e-01
2.305831551377735267e-01
2.392106778431782876e-01
2.478882600263004887e-01
2.566116866912067085e-01
2.653759091881560672e-01
2.741758145458274010e-01
2.830068344393888435e-01
2.918650792473869715e-01
3.007472552091539075e-01
3.096506131893096425e-01
3.185730222753363483e-01
3.275131673819497991e-01
3.364708439667291051e-01
3.454473103975689852e-01
3.544456127367285880e-01
3.634645633672873855e-01
3.724491477478618640e-01
3.813805399806439178e-01
3.902739120519714278e-01
3.991480420771719162e-01
4.080173829777622996e-01
4.168882124650390431e-01
4.257679028305723645e-01
4.346709809143817771e-01
4.436145487568160517e-01
4.525018134788846846e-01
4.612377605820753290e-01
4.698095879913187223e-01
4.782302508215029446e-01
4.865341418374297122e-01
4.947743156439156076e-01
5.030024666997818805e-01
5.112563274115302647e-01
5.197091075936406401e-01
5.293479269195847658e-01
5.427972074571694172e-01
5.460054446239398507e-01
5.365220000267674205e-01
4.561616611606097438e-01
2.385717972112437746e-01
1.584876847508882580e-01
1.568547326549650511e-01
1.629999281259217614e-01
1.718247428226456486e-01
1.803110518748534397e-01
1.885061458622996899e-01
1.967379284177034338e-01
2.050672340420470752e-01
2.134985230906513987e-01
2.220097434531264069e-01
2.305831551377734712e-01
2.392106778431782321e-01
2.478882600263004332e-01
2.566116866912065975e-01
2.653759091881559562e-01
2.741758145458272899e-01
2.830068344393889546e-01
2.918650792473871380e-01
3.007472552091541296e-01
3.096506131893098090e-01
3.185730222753365148e-01
3.275131673819500211e-01
3.364708439667293827e-01
3.454473103975690407e-01
3.544456127367284215e-01
3.634645633672872744e-01
3.724491477478616974e-01
3.813805399806437513e-01
3.902739120519713167e-01
3.991480420771719162e-01
4.080173829777622996e-01
4.168882124650390431e-01
4.257679028305723645e-01
4.346709809143818326e-01
4.436145487568161072e-01
4.525018134788846846e-01
4.612377605820753845e-01
4.698095879913188333e-01
4.782302508215029446e-01
4.865341418374297122e-01
4.947743156439156076e-01
5.030024666997818805e-01
5.112563274115302647e-01
5.197091075936406401e-01
5.293479269195847658e-01
5.427972074571689731e-01
