2.279867027136489588e-01
2.459557589367652175e-01
2.643504317263697945e-01
2.830832580606313931e-01
3.020731597325758688e-01
3.212437395869818801e-01
3.405218049670203917e-01
3.598360408523917919e-01
3.791157685646069919e-01
3.982897333254844519e-01
4.172848664232280957e-01
4.360249656067044510e-01
4.544292302999702882e-01
4.724105753202818003e-01
4.898736261102972223e-01
5.067122668657499940e-01
5.228065651111601930e-01
5.380188236515596190e-01
5.521883989242438728e-01
5.651247494571229879e-01
5.765978992683581383e-01
5.863250232041880006e-01
5.939510640154032073e-01
5.990202027546702723e-01
6.009315382165754116e-01
5.988648136393897037e-01
5.916743106135200492e-01
5.777185635631225669e-01
5.542522750789300456e-01
5.163943467006116839e-01
4.589875322521415058e-01
3.841075103484177244e-01
3.047596233587497316e-01
2.357320648155656340e-01
1.836864898974250870e-01
1.476817061358718930e-01
1.241745857086275495e-01
1.098888512297478276e-01
1.024351040313016548e-01
1.001593321083164151e-01
1.019069970587224011e-01
1.068507487481748508e-01
1.143800835905387225e-01
1.240318556156485147e-01
1.354457843807089779e-01
1.483352163133064838e-01
1.624673724592452517e-01
1.776496453526834329e-01
1.937198525828334184e-01
2.105391407204060261e-01
2.279867027136489310e-01
2.459557589367653008e-01
2.643504317263697945e-01
2.830832580606316706e-01
3.020731597325760354e-01
3.212437395869819912e-01
3.405218049670203362e-01
3.598360408523913478e-01
3.791157685646071585e-01
3.982897333254843408e-01
4.172848664232278737e-01
4.360249656067043955e-01
4.544292302999705102e-01
4.724105753202816338e-01
4.898736261102968892e-01
5.067122668657501050e-01
5.228065651111607481e-01
5.380188236515599520e-01
5.521883989242437618e-01
5.651247494571228769e-01
5.765978992683580273e-01
5.863250232041874455e-01
5.939510640154036514e-01
5.990202027546699393e-01
6.009315382165754116e-01
5.988648136393899257e-01
5.916743106135203822e-01
5.777185635631223448e-01
5.542522750789302677e-01
5.163943467006121280e-01
4.589875322521425605e-01
3.841075103484189457e-01
3.047596233587505088e-01
2.357320648155661891e-01
1.836864898974256144e-01
1.476817061358723371e-01
1.241745857086277438e-01
1.098888512297478692e-01
1.024351040313017380e-01
1.001593321083163873e-01
1.019069970587224566e-01
1.068507487481746843e-01
1.143800835905387642e-01
1.240318556156483204e-01
1.354457843807089501e-01
1.483352163133062063e-01
1.624673724592452795e-01
1.776496453526833497e-01
1.937198525828330853e-01
2.105391407204059429e-01
