2.277902084631796831e-01
2.457179742120171595e-01
2.640698843697367182e-01
2.827595805190603051e-01
3.017107113451202305e-01
3.208563699170851047e-01
3.401694230226941507e-01
3.596107136077210109e-01
3.788992416851689748e-01
3.982520107399107334e-01
4.174795422983013093e-01
4.359445515004894967e-01
4.540922078552580010e-01
4.723729017100311012e-01
4.903234161328893781e-01
5.070569658827064341e-01
5.223252423189945759e-01
5.370664325685770013e-01
5.518369465245662742e-01
5.663056458562374385e-01
5.788371298379411112e-01
5.875972852781887745e-01
5.919399041088082569e-01
5.928945397949021423e-01
5.925133217332360092e-01
5.902786100039640882e-01
5.843414886701177036e-01
5.724220162728598238e-01
5.515953877644582670e-01
5.182607610969756085e-01
4.685179232634411051e-01
3.995038672369321531e-01
3.134013704269571488e-01
2.370600563390120041e-01
1.838710458879474485e-01
1.475629844615321817e-01
1.245343492806588459e-01
1.092056746828055785e-01
1.027026315926621580e-01
1.020755756501442457e-01
1.033225292472378376e-01
1.073408569780409799e-01
1.143174543692295764e-01
1.238248839155154379e-01
1.352792118549444866e-01
1.482297056369395738e-01
1.623870349128965496e-01
1.775595460034755657e-01
1.936004034833495036e-01
2.103824796850775614e-01
2.277902084631797386e-01
2.457179742120172150e-01
2.640698843697367737e-01
2.827595805190603606e-01
3.017107113451203415e-01
3.208563699170851602e-01
3.401694230226943172e-01
3.596107136077210109e-01
3.788992416851689193e-01
3.982520107399106779e-01
4.174795422983010318e-01
4.359445515004892746e-01
4.540922078552578900e-01
4.723729017100309902e-01
4.903234161328891005e-01
5.070569658827069892e-01
5.223252423189952420e-01
5.370664325685768903e-01
5.518369465245656080e-01
5.663056458562373274e-01
5.788371298379410002e-01
5.875972852781888855e-01
5.919399041088084790e-01
5.928945397949022533e-01
5.925133217332361202e-01
5.902786100039643102e-01
5.843414886701179256e-01
5.724220162728600458e-01
5.515953877644584891e-01
5.182607610969758305e-01
4.685179232634415492e-01
3.995038672369328192e-01
3.134013704269578149e-01
2.370600563390128923e-01
1.838710458879481979e-01
1.475629844615326536e-01
1.245343492806590402e-01
1.092056746828056063e-01
1.027026315926621719e-01
1.020755756501442596e-01
1.033225292472378515e-01
1.073408569780409522e-01
1.143174543692294653e-01
1.238248839155152992e-01
1.352792118549443479e-01
1.482297056369394350e-01
1.623870349128963830e-01
1.775595460034754269e-01
1.936004034833493648e-01
2.103824796850774781e-01
