3.833624401601277154e-01
2.189546340081950371e-01
2.034591040801643769e-01
2.198798636455214506e-01
2.527748141130405357e-01
2.908284091414061190e-01
3.295402181172093492e-01
3.683329454600318131e-01
4.091790919560003292e-01
4.591930349685469648e-01
5.007983763312995329e-01
5.005072874154322671e-01
4.536901689309445485e-01
2.840183997065451327e-01
2.022881700808068783e-01
2.099545317536725408e-01
2.356829475615427050e-01
2.717108839920944763e-01
3.102750882802539079e-01
3.488741764709096804e-01
3.882468561932048146e-01
4.324583122153907722e-01
4.846482011993787364e-01
5.021577198134131725e-01
4.891843244048657557e-01
