2.562071022621868477e-01
3.332468715299684581e-01
4.116996613365658253e-01
4.866470025801402643e-01
5.530718694950562675e-01
6.093295472230306764e-01
6.029980426093692891e-01
4.325207085730491396e-01
2.113997261552363338e-01
1.110079273436485880e-01
1.107651989870171716e-01
1.550994881406986270e-01
2.197518844648017056e-01
2.942607694688086362e-01
3.725804140298862310e-01
4.499754381508238033e-01
5.210308767758899950e-01
5.831830331624684449e-01
6.218633746200366019e-01
5.381828778331878560e-01
3.130938006659986228e-01
1.442777591470029430e-01
1.027093942377107494e-01
1.293956121020574945e-01
1.857016191053583731e-01
