2.522855390565520439e-01
3.274562534565729210e-01
4.071357969160684376e-01
4.957106596829480294e-01
5.551074254278673958e-01
5.644898521897607768e-01
5.505680945485922351e-01
4.699546657055994614e-01
2.561484897969270036e-01
1.155025860766895202e-01
1.216389690200963269e-01
1.584225002647473568e-01
2.177563384806625035e-01
2.893994645387295561e-01
3.662114622761837301e-01
4.511507717933114781e-01
5.325953609819212842e-01
5.659340487614716864e-01
5.612035272308099065e-01
5.222041941238751983e-01
3.785422219266469934e-01
1.559017047459978489e-01
1.140882186949357946e-01
1.355500817031480842e-01
1.850417725998831642e-01
