2.370697204488012300e-01
2.739534288331622602e-01
3.120416845876499701e-01
3.507173956706236551e-01
3.894065745382778165e-01
4.275372979606740786e-01
4.644992104492925433e-01
4.995953881342776737e-01
5.319773858225738117e-01
5.605518443828820807e-01
5.837487230429632135e-01
5.992458597445932122e-01
6.042939318060024378e-01
5.903791907029981578e-01
5.299544865492267220e-01
4.060584404420790050e-01
2.656786105415913646e-01
1.670988517409071894e-01
1.179476044166720833e-01
1.014280658679346803e-01
1.041914057526164977e-01
1.189442489747920967e-01
1.416632851077489763e-01
1.699170515771420698e-01
2.021003129045164659e-01
2.370697204488011745e-01
2.739534288331621492e-01
3.120416845876497480e-01
3.507173956706238216e-01
3.894065745382775945e-01
4.275372979606741342e-01
4.644992104492923213e-01
4.995953881342773406e-01
5.319773858225735896e-01
5.605518443828823028e-01
5.837487230429629914e-01
5.992458597445933233e-01
6.042939318060022158e-01
5.903791907029984909e-01
5.299544865492270551e-01
4.060584404420793381e-01
2.656786105415916976e-01
1.670988517409073837e-01
1.179476044166720972e-01
1.014280658679346386e-01
1.041914057526166781e-01
1.189442489747921522e-01
1.416632851077488653e-01
1.699170515771421808e-01
2.021003129045165214e-01
