5.019668461853789010e-01
3.433203662495949438e-01
1.823954393269550667e-01
1.709327886155243836e-01
1.801148728683394096e-01
1.979118526426015545e-01
2.168322647233742739e-01
2.345131669328473500e-01
2.519799744457223434e-01
2.694898752579226731e-01
2.871226133753938536e-01
3.049127427820380043e-01
3.228573086916725066e-01
3.409458221989253301e-01
3.590398219925707290e-01
3.769079050921435581e-01
3.946382873613348274e-01
4.123300994492121174e-01
4.300316181647775293e-01
4.478083511266383598e-01
4.658614416936098235e-01
4.849340090437708195e-01
5.090329429014491813e-01
5.317563213482834339e-01
5.323632675299182493e-01
5.019668461853787900e-01
3.433203662495942221e-01
1.823954393269547891e-01
1.709327886155243836e-01
1.801148728683395206e-01
1.979118526426016933e-01
2.168322647233743017e-01
2.345131669328474056e-01
2.519799744457223434e-01
2.694898752579226175e-01
2.871226133753936871e-01
3.049127427820378933e-01
3.228573086916725066e-01
3.409458221989253857e-01
3.590398219925708401e-01
3.769079050921434471e-01
3.946382873613347719e-01
4.123300994492120064e-01
4.300316181647774183e-01
4.478083511266383043e-01
4.658614416936097680e-01
4.849340090437707085e-01
5.090329429014491813e-01
5.317563213482832118e-01
5.323632675299182493e-01
