2.362086279675836009e-01
2.728326112399430681e-01
3.106755765946506154e-01
3.493241789772121852e-01
3.893136552078529378e-01
4.272981307977163357e-01
4.629282275019192539e-01
4.985989222481145844e-01
5.353261963607748308e-01
5.653045413298443123e-01
5.813980865388956865e-01
5.837146075012512592e-01
5.808934386375677050e-01
5.663396959119123553e-01
5.269147615025492337e-01
4.403891357445460231e-01
2.906763253677621672e-01
1.699680077006905099e-01
1.166946986177548745e-01
1.048368694441851323e-01
1.081562101652197849e-01
1.200656054373443610e-01
1.414057242641156842e-01
1.693263409461904789e-01
2.014098239944019375e-01
2.362086279675835176e-01
2.728326112399429570e-01
3.106755765946506154e-01
3.493241789772121297e-01
3.893136552078528267e-01
4.272981307977163357e-01
4.629282275019191983e-01
4.985989222481144179e-01
5.353261963607746088e-01
5.653045413298443123e-01
5.813980865388956865e-01
5.837146075012512592e-01
5.808934386375677050e-01
5.663396959119124663e-01
5.269147615025493447e-01
4.403891357445462451e-01
2.906763253677624448e-01
1.699680077006907597e-01
1.166946986177549717e-01
1.048368694441851462e-01
1.081562101652198266e-01
1.200656054373444026e-01
1.414057242641156564e-01
1.693263409461903957e-01
2.014098239944018542e-01
